netft_calib_param:
  Fx0: 1.0286970360171317
  Fy0: -1.6116141187580029
  Fz0: 0.03199398281345289
  Lx: -0.055075914098478465
  Ly: -0.146937435591124
  Lz: -2.9821179519802783
  Mx0: -0.15582234943182025
  My0: -0.20383774016556486
  Mz0: 0.06208272272396486
  mcx: 0.0027186690647567364
  mcy: -5.988040750348827e-05
  mcz: 0.058832162095873934
