netft_calib_param:
  Fx0: 1.5291171675883126
  Fy0: -1.874590407905599
  Fz0: 0.35045431729321824
  Lx: 0.19855146315081468
  Ly: -0.14608049126941813
  Lz: -3.8742800549484655
  Mx0: -0.1210952288634565
  My0: -0.2478573916763394
  Mz0: 0.056255110629856137
  mcx: -0.000905642970887339
  mcy: 0.0028053471679297514
  mcz: 0.06968858973086177
