netft_calib_param:
  Fx0: 1.7809956403145553
  Fy0: -1.8461275137688475
  Fz0: 0.2067118093695653
  Lx: 0.5612201022128565
  Ly: -0.3135634865190239
  Lz: -3.484935038250616
  Mx0: -0.10689740741997797
  My0: -0.224636936821261
  Mz0: 0.06860770921059159
  mcx: -0.002358693170007268
  mcy: -0.002088096978328336
  mcz: 0.06414298831427287
